110
9
108
5
104
3
100
1
96
1
93
0
85
0
79
1
73
1
69
3
65
5
56
9
50
13
44
17
38
23
34
27
25
36
21
40
17
48
17
48
11
62
8
71
8
71
6
80
6
80
4
91
4
91
4
91
3
102
3
102
3
102
2
113
2
113
2
113
2
113
1
127
1
127
1
127
2
142
2
142
2
142
2
142
6
158
6
158
6
158
10
170
10
170
10
170
10
170
14
181
14
181
14
181
14
181
20
193
20
193
20
193
20
193
28
204
28
204
28
204
28
204
36
214
36
214
36
214
36
214
45
223
45
223
45
223
45
223
55
232
55
232
55
232
66
238
66
238
66
238
77
242
77
242
77
242
90
244
90
244
90
244
102
245
102
245
102
245
114
245
114
245
114
245
125
245
125
245
125
245
136
242
136
242
136
242
150
238
150
238
162
233
162
233
162
233
175
227
175
227
188
219
188
219
195
212
195
212
201
203
201
203
206
193
206
193
209
181
209
181
212
171
212
171
215
156
215
145
213
131
211
122
211
112
209
104
207
98
203
90
203
90
198
80
198
80
192
71
192
71
186
64
186
64
178
58
178
58
160
46
153
38
149
34
141
29
135
25
133
21
129
17
125
15
122
11
118
7
114
5
108
3
104
1
100
1
93
0
89
1
85
1
81
1
77
3
73
3
73
7
14
0
15
2
15
4
15
8
15
11
15
14
15
17
15
17
15
21
15
21
15
26
15
26
15
31
15
31
15
36
15
36
15
41
15
41
15
46
15
46
15
49
15
49
15
49
15
53
15
53
15
53
15
57
15
57
15
57
15
62
15
62
15
62
15
67
15
67
15
67
15
72
15
72
15
72
15
76
15
76
15
76
15
80
15
80
15
80
15
80
15
84
15
84
15
84
15
84
15
89
15
89
15
89
15
89
15
100
15
100
15
100
14
106
14
106
14
106
13
112
13
112
13
112
12
118
12
118
12
118
11
124
11
124
11
124
10
130
10
130
10
130
9
136
9
136
9
136
8
142
8
142
8
142
7
148
7
148
7
148
7
153
7
153
7
153
6
158
6
158
6
158
6
158
5
163
5
163
5
163
4
168
4
168
4
168
4
168
4
174
4
174
4
174
3
178
3
178
3
178
3
178
3
182
3
182
3
182
3
182
3
187
3
187
3
187
3
187
2
191
2
191
2
191
2
191
1
196
1
196
1
196
1
196
1
200
1
200
1
200
1
200
1
205
1
205
1
205
1
205
1
210
1
210
1
210
1
216
1
216
1
216
0
221
0
221
0
221
0
226
0
226
0
226
0
231
0
231
0
231
0
235
0
235
0
235
0
239
0
239
0
239
0
244
0
244
1
247
0
244
0
0
3
0
7
0
14
0
21
3
28
7
31
10
38
14
45
17
52
21
56
24
63
28
70
31
77
35
80
38
80
38
84
40
84
40
84
40
89
43
89
43
89
43
95
47
95
47
95
47
102
51
102
51
102
51
109
55
109
55
109
55
115
58
115
58
115
58
121
61
121
61
121
61
126
64
126
64
126
64
131
67
131
67
131
67
136
70
136
70
136
70
141
73
141
73
141
73
146
76
146
76
146
76
151
80
151
80
151
80
156
83
156
83
156
83
162
87
162
87
162
87
168
91
168
91
168
91
173
94
173
94
173
94
178
97
178
97
178
97
183
101
183
101
183
101
194
108
194
108
199
112
199
112
205
115
205
115
214
119
221
119
225
123
228
126
232
126
235
130
239
130
239
133
242
133
242
137
239
137
239
140
235
140
232
144
228
144
225
147
221
147
214
151
211
154
204
158
197
158
190
161
186
161
179
165
172
169
165
172
159
174
159
174
153
176
153
176
146
179
146
179
138
182
138
182
132
186
132
186
125
189
125
189
118
193
118
193
111
196
111
196
106
200
106
200
100
203
100
203
95
207
95
207
88
214
84
218
80
218
80
221
77
221
73
225
70
228
66
228
63
228
59
232
56
235
52
235
49
239
45
239
42
242
38
242
35
242
35
246
31
246
28
246
28
249
24
249
21
249
0
3
3
3
6
1
9
1
14
1
20
0
28
0
37
0
49
3
61
6
69
7
80
10
80
10
86
12
86
12
86
12
95
15
95
15
95
15
105
18
105
18
105
18
116
23
116
23
116
23
126
29
126
29
126
29
135
36
135
36
135
36
150
49
150
49
154
59
154
59
157
66
157
66
159
77
159
77
160
87
160
87
160
96
160
96
159
103
159
103
156
111
156
111
151
119
151
119
145
125
145
125
139
131
139
131
132
135
132
135
122
137
122
137
114
138
114
138
104
139
104
139
104
139
94
140
94
140
94
140
82
142
82
142
82
142
71
143
71
143
71
143
61
143
61
143
61
143
49
143
49
143
40
142
40
142
34
140
39
140
50
137
60
135
60
135
68
134
68
134
79
135
79
135
91
135
91
135
98
136
98
136
98
136
108
137
108
137
108
137
117
138
117
138
117
138
128
140
128
140
136
142
136
142
143
145
143
145
151
150
151
150
157
155
157
155
162
160
162
160
170
170
172
174
175
183
175
191
174
199
169
205
166
213
166
216
164
219
161
227
159
231
158
234
155
235
148
238
143
240
134
243
129
243
118
244
118
244
108
245
108
245
95
247
95
247
87
248
87
248
75
247
75
247
66
246
66
246
55
244
55
244
48
243
48
243
40
243
40
243
28
243
25
245
28
245
31
245
36
243
1
0
1
4
0
10
0
12
0
16
0
16
0
21
0
21
0
21
0
27
0
27
0
27
0
27
0
35
0
35
0
35
0
35
0
41
0
41
0
41
0
41
0
41
1
48
1
48
1
48
1
48
1
48
2
56
2
56
2
56
2
56
2
56
3
63
3
63
3
63
3
63
3
63
3
63
4
70
4
70
4
70
4
70
4
70
4
70
6
77
6
77
6
77
6
77
6
77
6
77
8
85
8
85
8
85
8
85
8
85
10
93
10
93
10
93
10
93
11
101
11
101
11
101
11
101
12
105
12
105
12
105
12
105
13
111
13
111
13
111
13
111
15
117
15
117
15
117
19
122
19
122
23
124
23
124
30
125
32
125
35
125
42
127
50
128
58
130
64
130
64
130
68
131
68
131
68
131
75
132
75
132
75
132
83
133
83
133
83
133
91
134
91
134
91
134
98
136
98
136
98
136
112
139
112
139
119
140
119
140
125
141
125
141
131
142
131
142
131
142
139
143
139
143
146
144
146
144
146
144
155
146
155
146
164
147
164
147
164
147
172
148
172
148
172
148
180
149
180
149
180
149
188
151
188
151
188
151
197
153
197
153
197
153
205
154
205
154
205
154
213
156
213
156
213
156
220
157
220
157
220
157
227
158
227
158
227
158
235
159
235
159
241
160
241
160
250
161
247
162
21
0
22
3
19
6
18
12
16
18
16
25
15
30
15
30
14
36
14
36
12
43
12
43
9
51
9
51
8
55
8
55
8
55
7
62
7
62
7
62
6
69
6
69
6
69
5
77
5
77
5
77
4
84
4
84
4
84
3
91
3
91
3
91
3
98
3
98
3
98
2
104
2
104
2
104
1
110
1
110
1
110
1
117
1
117
0
124
0
124
0
129
0
129
1
131
4
129
7
128
10
124
13
121
18
121
24
120
32
118
39
117
47
117
51
117
51
117
56
118
56
118
56
118
62
119
62
119
62
119
68
121
68
121
68
121
68
121
83
127
83
127
91
131
91
131
91
131
98
136
98
136
98
136
104
141
104
141
104
141
104
141
110
147
110
147
110
147
113
151
113
151
113
151
113
151
117
156
117
156
117
156
117
156
121
163
121
163
121
163
121
163
124
170
124
170
124
170
124
170
127
178
127
178
127
178
127
178
129
186
129
186
129
186
131
195
131
195
131
195
132
202
132
202
132
202
133
210
133
210
132
216
132
216
128
225
124
230
121
231
118
233
115
234
111
237
106
239
103
240
97
243
92
243
89
245
86
245
80
245
76
246
71
246
68
248
60
249
56
248
51
248
44
248
38
249
35
249
28
249
25
249
22
249
19
248
16
248
13
249
10
249
13
249
16
249
19
249
22
248
99
1
96
0
93
0
89
0
86
1
81
1
78
3
71
4
68
6
63
6
55
9
52
9
47
13
42
14
37
17
32
21
26
26
21
31
16
35
14
42
9
50
6
58
3
68
3
73
2
81
2
81
1
88
1
88
0
96
0
96
0
96
0
101
0
101
0
101
0
109
0
109
0
109
0
109
0
118
0
118
0
118
0
118
0
126
0
126
0
126
0
126
0
126
1
134
1
134
1
134
1
134
1
134
2
143
2
143
2
143
2
143
2
143
3
152
3
152
3
152
3
152
3
152
4
162
4
162
4
162
4
162
4
162
6
173
6
173
6
173
6
173
6
173
8
183
8
183
8
183
8
183
8
183
10
194
10
194
10
194
10
194
12
204
12
204
12
204
12
204
18
224
18
224
18
224
22
231
22
231
22
231
28
238
28
238
33
242
33
242
38
245
38
245
44
246
44
246
51
248
51
248
58
248
58
248
65
247
65
247
65
247
74
246
74
246
81
244
81
244
81
244
90
240
90
240
98
236
98
236
103
232
103
232
107
227
107
227
114
220
116
210
117
207
119
202
119
197
117
192
117
186
116
179
111
173
107
171
102
168
94
163
88
160
80
158
73
155
65
153
58
153
50
153
45
155
42
156
37
158
32
161
29
161
22
166
19
168
16
169
9
173
6
173
3
176
0
178
1
179
0
0
2
0
7
0
15
0
21
0
21
0
26
0
26
0
33
1
33
1
39
1
39
1
39
1
46
2
46
2
46
2
54
3
54
3
54
3
58
3
58
3
58
3
58
3
58
3
64
3
64
3
64
3
64
3
64
3
72
3
72
3
72
3
72
3
72
3
78
3
78
3
78
3
78
3
78
3
78
3
85
3
85
3
85
3
85
3
85
3
85
3
93
3
93
3
93
3
93
3
93
3
93
3
101
3
101
3
101
3
101
3
101
3
101
3
110
3
110
3
110
3
110
3
110
3
119
4
119
4
119
4
119
4
127
6
127
6
127
6
134
10
134
10
137
14
137
14
137
19
137
19
136
25
136
25
134
31
134
31
131
38
131
38
129
45
129
45
127
52
127
52
126
60
126
60
125
67
125
67
125
67
124
73
124
73
124
73
123
79
123
79
123
79
122
86
122
86
122
86
121
93
121
93
121
93
120
100
120
100
120
100
119
107
119
107
119
107
118
119
118
119
116
127
116
127
115
133
115
133
114
139
114
139
114
139
114
146
114
146
113
152
113
152
113
152
112
160
112
160
112
167
112
167
112
167
111
175
111
175
111
183
111
183
111
189
111
189
111
196
111
196
111
202
111
202
112
211
112
216
114
221
114
225
115
230
115
234
117
238
117
241
117
244
117
247
117
249
121
248
89
5
86
4
83
2
80
2
75
1
71
1
65
0
62
0
56
0
49
0
41
1
35
4
29
8
25
11
22
13
16
20
11
28
7
37
4
46
2
50
1
59
1
69
4
80
7
89
14
98
23
104
32
110
38
113
38
113
46
116
46
116
53
120
53
120
60
123
60
123
66
126
66
126
75
132
80
135
83
138
87
147
89
150
90
160
92
163
95
172
96
175
101
184
102
187
105
197
107
200
105
211
105
214
102
223
102
226
96
232
90
235
87
238
80
241
71
247
63
250
56
248
46
245
37
242
26
239
17
236
13
231
13
231
10
225
10
225
10
225
7
218
7
218
7
218
4
211
4
211
4
211
2
204
2
204
2
204
2
197
2
197
2
197
4
190
4
190
4
190
7
183
7
183
7
183
17
172
17
172
24
167
24
167
30
163
30
163
37
159
37
159
44
156
44
156
52
154
52
154
60
152
60
152
71
150
75
147
84
144
89
142
101
138
104
136
114
130
117
129
122
126
126
122
135
114
136
111
142
104
144
101
147
92
147
87
146
80
146
80
144
71
142
63
139
58
135
52
127
43
123
36
123
36
118
29
118
29
111
23
111
23
104
18
104
18
97
14
97
14
89
12
89
12
81
9
81
9
74
5
74
5
68
2
68
2
56
0
49
1
46
1
40
4
40
7
43
11
44
14
76
5
73
4
71
2
68
1
64
0
58
0
54
0
46
0
39
1
32
4
25
8
20
12
15
17
9
27
5
38
3
44
3
44
2
52
2
52
1
62
1
62
0
70
0
70
0
70
0
77
0
77
0
77
0
85
0
85
0
85
1
93
1
93
1
93
4
100
4
100
4
100
4
100
8
106
8
106
8
106
8
106
13
111
13
111
13
111
13
111
18
116
18
116
18
116
18
116
25
119
25
119
25
119
25
119
32
121
32
121
32
121
32
121
40
122
40
122
40
122
40
122
49
123
49
123
49
123
49
123
57
123
57
123
57
123
57
123
66
121
66
121
66
121
74
118
74
118
74
118
81
114
81
114
81
114
89
108
89
108
95
103
95
103
100
97
100
97
103
90
103
90
104
83
104
83
106
73
105
68
106
65
106
58
105
51
103
43
101
35
101
32
101
30
99
27
98
24
96
21
98
19
96
21
96
25
96
28
95
35
96
45
96
51
96
51
95
60
95
60
95
70
95
70
94
80
94
80
92
90
92
90
90
101
90
101
88
111
88
111
87
121
87
121
85
131
85
131
84
140
84
140
83
149
83
149
82
158
82
158
81
166
81
166
81
166
81
175
81
175
81
193
81
200
81
209
80
217
80
222
80
228
80
230
80
234
80
237
80
240
79
243
79
245
79
248
81
250
86
248
